name: compvis1
channels:
  - pytorch
  - conda-forge
  - defaults
dependencies:
  - _pytorch_select=0.1=cpu_0
  - async_generator=1.10=py36h28b3542_0
  - backcall=0.2.0=pyhd3eb1b0_0
  - blas=1.0=mkl
  - bleach=4.1.0=pyhd3eb1b0_0
  - decorator=5.1.1=pyhd3eb1b0_0
  - defusedxml=0.7.1=pyhd3eb1b0_0
  - freetype=2.12.1=ha860e81_0
  - intel-openmp=2023.1.0=h59b6b97_46319
  - ipython_genutils=0.2.0=pyhd3eb1b0_1
  - jinja2=3.0.3=pyhd3eb1b0_0
  - jpeg=9e=h2bbff1b_1
  - jupyter_client=7.1.2=pyhd3eb1b0_0
  - jupyter_core=4.8.1=py36haa95532_0
  - jupyterlab_pygments=0.1.2=py_0
  - lerc=3.0=hd77b12b_0
  - libdeflate=1.17=h2bbff1b_1
  - libpng=1.6.39=h8cc25b3_0
  - libtiff=4.5.1=hd77b12b_0
  - lz4-c=1.9.4=h2bbff1b_0
  - m2w64-gcc-libgfortran=5.3.0=6
  - m2w64-gcc-libs=5.3.0=7
  - m2w64-gcc-libs-core=5.3.0=7
  - m2w64-gmp=6.1.0=2
  - m2w64-libwinpthread-git=5.0.0.4634.697f757=2
  - markupsafe=2.0.1=py36h2bbff1b_0
  - mistune=0.8.4=py36he774522_0
  - mkl=2020.2=256
  - mkl-service=2.3.0=py36h196d8e1_0
  - mkl_fft=1.3.0=py36h46781fe_0
  - mkl_random=1.1.1=py36h47e9c7a_0
  - msys2-conda-epoch=20160418=1
  - nbconvert=6.0.7=py36_0
  - nbformat=5.1.3=pyhd3eb1b0_0
  - ninja=1.10.2=haa95532_5
  - ninja-base=1.10.2=h6d14046_5
  - numpy-base=1.19.2=py36ha3acd2a_0
  - olefile=0.46=py36_0
  - packaging=21.3=pyhd3eb1b0_0
  - pandoc=2.12=haa95532_3
  - pandocfilters=1.5.0=pyhd3eb1b0_0
  - pickleshare=0.7.5=pyhd3eb1b0_1003
  - pip=21.3.1=pyhd8ed1ab_0
  - prometheus_client=0.13.1=pyhd3eb1b0_0
  - pycparser=2.21=pyhd3eb1b0_0
  - python=3.6.15=h39d44d4_0_cpython
  - python-dateutil=2.8.2=pyhd3eb1b0_0
  - python_abi=3.6=2_cp36m
  - pytorch-cpu=1.1.0=py3.6_cpu_1
  - setuptools=58.0.4=py36ha15d459_2
  - six=1.16.0=pyhd3eb1b0_1
  - tk=8.6.12=h2bbff1b_0
  - torchvision-cpu=0.3.0=py36_cuNone_1
  - tornado=6.1=py36h2bbff1b_0
  - traitlets=4.3.3=py36haa95532_0
  - ucrt=10.0.22621.0=h57928b3_0
  - vc=14.3=h64f974e_17
  - vc14_runtime=14.36.32532=hfdfe4a8_17
  - vs2015_runtime=14.36.32532=h05e6639_17
  - wheel=0.37.1=pyhd8ed1ab_0
  - winpty=0.4.3=4
  - xz=5.4.2=h8cc25b3_0
  - zlib=1.2.13=h8cc25b3_0
  - zstd=1.5.5=hd43e919_0
  - pip:
      - argon2-cffi==21.3.0
      - argon2-cffi-bindings==21.2.0
      - attrs==22.2.0
      - cffi==1.15.1
      - colorama==0.4.5
      - comm==0.1.4
      - cycler==0.11.0
      - dataclasses==0.8
      - entrypoints==0.4
      - importlib-metadata==4.8.3
      - ipykernel==5.5.6
      - ipython==7.16.3
      - ipywidgets==7.8.0
      - jedi==0.17.2
      - joblib==1.1.1
      - jsonschema==3.2.0
      - jupyter==1.0.0
      - jupyter-console==6.4.3
      - jupyter-core==4.9.2
      - jupyterlab-widgets==1.1.5
      - kiwisolver==1.3.1
      - matplotlib==3.3.4
      - nbclient==0.5.9
      - nest-asyncio==1.5.7
      - notebook==6.4.10
      - numpy==1.19.5
      - opencv-contrib-python==3.4.2.17
      - parso==0.7.1
      - pillow==8.4.0
      - prometheus-client==0.17.1
      - prompt-toolkit==3.0.36
      - pygments==2.14.0
      - pyparsing==3.1.1
      - pyrsistent==0.18.0
      - pywin32==305
      - pywinpty==1.1.6
      - pyzmq==25.1.1
      - qtconsole==5.2.2
      - qtpy==2.0.1
      - scikit-learn==0.23.0
      - scipy==1.5.4
      - send2trash==1.8.2
      - terminado==0.12.1
      - testpath==0.6.0
      - threadpoolctl==3.1.0
      - typing-extensions==4.1.1
      - wcwidth==0.2.6
      - webencodings==0.5.1
      - widgetsnbextension==3.6.5
      - zipp==3.6.0
prefix: C:\Users\thoma\anaconda3\envs\compvis1
